1 27 4
2 26 11
3 29 19
4 6 5
5 18 10
6 4 12
7 31 16
8 13 32
9 10 16
10 7 27
11 35 14
12 21 27
13 5 35
14 15 1
15 21 5
16 23 27
17 11 31
18 28 18
19 2 39
20 35 18
21 17 19
22 17 32
23 12 13
24 34 20
25 23 22
26 33 1
27 8 18
28 40 3
29 29 16
30 26 16
31 38 21
32 24 34
33 12 9
34 1 4
35 26 34
36 13 3
37 35 8
38 12 23
39 37 25
40 10 20
41 21 15
42 1 33
43 36 4
44 16 28
45 15 31
46 10 8
47 13 27
48 17 38
49 15 34
50 35 37
51 6 5
52 14 9
53 11 29
54 37 17
55 39 34
56 4 6
57 12 16
58 24 20
59 9 35
60 26 16